KOG0002 4 9.79 44
KOG0018 1 -84.6 1225
KOG0025 1 -98.37 339
KOG0062 2 599.61 708
KOG0077 4 132.22 190
KOG0122 1 -72.27 256
KOG0142 2 -163.62 227
KOG0174 3 34.54 215
KOG0175 4 -30.99 263
KOG0176 4 241.34 237
KOG0177 1 -35.46 194
KOG0179 2 -44.28 223
KOG0180 3 28.6 191
KOG0181 4 246.18 231
KOG0182 3 138.93 244
KOG0184 2 107.14 249
KOG0188 3 355.19 958
KOG0209 2 -146.61 1086
KOG0211 3 -430.47 588
KOG0225 3 -106.38 388
KOG0233 3 -50.49 178
KOG0261 2 781.77 1259
KOG0271 3 -125.37 473
KOG0276 3 -118.8 796
KOG0279 4 102.19 314
KOG0285 3 -214.83 451
KOG0291 1 -556.74 854
KOG0292 2 -573.66 1201
KOG0302 1 -111.87 422
KOG0329 4 348.26 424
KOG0346 1 -4.86 547
KOG0357 4 482.13 535
KOG0358 4 513.7 527
KOG0359 4 252.45 531
KOG0361 4 418.88 501
KOG0363 4 433.4 433
KOG0364 4 379.5 528
KOG0365 1 -31.23 382
KOG0366 3 -1.17 311
KOG0376 2 11.22 473
KOG0400 4 -26.01 150
KOG0419 4 191.73 150
KOG0424 4 154.11 157
KOG0434 3 -574.83 1064
KOG0462 2 -329.31 645
KOG0466 4 -26.1 446
KOG0469 4 934.89 812
KOG0477 3 1.43 830
KOG0481 3 422.07 649
KOG0524 4 302.72 352
KOG0556 3 3.3 500
KOG0559 2 -57.87 452
KOG0563 3 44.33 447
KOG0567 2 -57.33 298
KOG0650 1 -464.04 674
KOG0687 2 -111.51 389
KOG0688 4 -110.52 433
KOG0729 4 492.47 426
KOG0741 2 -231.93 650
KOG0780 3 -277.47 479
KOG0815 3 -145.44 312
KOG0820 4 -126.99 304
KOG0861 3 -66.78 197
KOG0862 1 -20.79 209
KOG0871 1 -9.09 146
KOG0876 3 -138.51 217
KOG0888 4 55.11 149
KOG0894 3 152.42 218
KOG0927 3 711.81 595
KOG0937 4 579.7 422
KOG0948 3 607.42 996
KOG0960 2 96.58 382
KOG0964 1 -149.22 1194
KOG0969 3 -394.38 1081
KOG0985 3 -300.78 1285
KOG0989 2 288.75 288
KOG0991 4 279.07 323
KOG1058 2 -574.2 940
KOG1068 1 29.37 240
KOG1088 1 -50.22 124
KOG1099 3 93.28 285
KOG1112 4 -350.87 771
KOG1123 4 -490.32 754
KOG1137 2 135.63 684
KOG1145 1 -167.58 603
KOG1159 1 382.14 558
KOG1185 1 -144.09 560
KOG1211 1 -8.82 452
KOG1235 1 -150.02 455
KOG1241 1 -396.99 861
KOG1272 1 -381.69 520
KOG1299 1 -129.78 547
KOG1322 4 259.6 360
KOG1335 4 -45.81 464
KOG1349 4 -110.88 322
KOG1350 4 58.02 498
KOG1353 4 -9.36 507
KOG1355 3 -367.11 433
KOG1358 1 1.76 458
KOG1367 4 -186.21 401
KOG1373 4 160.58 423
KOG1374 3 399.52 444
KOG1390 3 368.17 395
KOG1393 2 -373.95 447
KOG1394 2 -120.24 403
KOG1439 4 -32.31 440
KOG1458 3 -207.27 334
KOG1463 3 -171.81 419
KOG1466 1 -4.95 305
KOG1468 2 -152.73 359
KOG1498 1 -244.17 442
KOG1523 2 -196.02 368
KOG1532 2 -165.51 355
KOG1533 2 219.12 291
KOG1534 2 265.32 235
KOG1535 1 -151.2 214
KOG1540 2 -174.33 285
KOG1541 3 -175.14 220
KOG1549 4 -187.65 446
KOG1555 4 134.97 306
KOG1556 3 -64.98 308
KOG1596 4 -33.42 305
KOG1597 2 -75.96 306
KOG1636 2 -124.92 258
KOG1637 4 475.09 676
KOG1643 3 -166.68 247
KOG1647 3 -145.62 246
KOG1662 1 -109.71 207
KOG1664 1 -119.07 226
KOG1688 3 -100.03 184
KOG1712 2 -74.07 180
KOG1723 3 -28.35 159
KOG1727 1 -79.92 138
KOG1733 2 7.48 87
KOG1746 2 -43.38 112
KOG1758 1 -76.14 157
KOG1760 1 -39.42 123
KOG1769 3 53.24 90
KOG1770 4 -45.63 108
KOG1774 4 1.54 84
KOG1775 4 11.22 80
KOG1780 3 73.15 76
KOG1781 3 30.47 99
KOG1795 4 -902.16 2329
KOG1800 1 -198.18 444
KOG1816 1 -20.7 307
KOG1872 1 -172.17 467
KOG1885 4 -183.42 572
KOG1889 1 402.49 549
KOG1936 3 -92.25 479
KOG1942 4 577.5 456
KOG1980 1 -220.14 656
KOG2004 2 -808.74 940
KOG2017 1 -226.17 401
KOG2035 2 -23.4 318
KOG2036 3 -239.4 967
KOG2044 1 424.82 885
KOG2104 2 39.16 122
KOG2303 3 -613.26 700
KOG2311 2 -522.63 618
KOG2415 3 -469.35 604
KOG2446 4 -344.79 550
KOG2451 3 389.18 497
KOG2472 2 -388.62 589
KOG2481 1 -377.01 531
KOG2519 3 -185.94 380
KOG2529 4 -104.04 445
KOG2531 1 -300.42 536
KOG2535 4 -188.28 499
KOG2537 2 -393.21 518
KOG2572 3 543.07 454
KOG2575 1 -70.02 461
KOG2606 1 -92.16 288
KOG2613 2 -409.05 498
KOG2623 1 -280.69 445
KOG2638 3 -265.68 469
KOG2653 3 -265.68 403
KOG2680 4 521.51 448
KOG2703 2 -334.26 455
KOG2707 1 -15.57 407
KOG2719 1 -343.89 442
KOG2726 1 -225.9 380
KOG2728 1 -203.13 270
KOG2757 1 -261.99 396
KOG2770 2 -99.63 387
KOG2775 4 -125.19 421
KOG2781 2 103.29 289
KOG2784 3 -298.53 428
KOG2785 1 -202.5 375
KOG2792 1 -162.09 251
KOG2807 1 -302.04 362
KOG2825 3 -216.99 329
KOG2833 2 -287.73 377
KOG2851 1 -275.58 407
KOG2874 4 -248.85 316
KOG2906 2 18.26 106
KOG2908 1 -165.15 375
KOG2909 1 -235.35 370
KOG2916 3 -220.77 304
KOG2930 4 137.72 107
KOG2948 2 -248.67 315
KOG2967 1 -165.42 293
KOG2971 2 -212.67 291
KOG3013 2 -197.55 293
KOG3048 1 -31.68 151
KOG3049 4 -30.75 252
KOG3052 3 -222.84 285
KOG3147 1 45.98 243
KOG3157 2 -143.1 237
KOG3163 4 -41.58 194
KOG3167 2 42.57 153
KOG3174 3 -140.4 263
KOG3180 3 -155.07 251
KOG3185 4 -47.97 244
KOG3189 3 -157.14 245
KOG3205 1 -132.48 191
KOG3218 2 -105.21 172
KOG3222 2 -118.98 184
KOG3232 2 3.08 178
KOG3237 1 -116.01 228
KOG3239 1 -56.97 189
KOG3275 2 102.63 126
KOG3285 2 -53.55 196
KOG3295 3 -144.27 199
KOG3297 1 -67.59 203
KOG3313 1 -88.83 169
KOG3318 1 -89.01 166
KOG3330 2 -108.63 143
KOG3343 1 -46.89 160
KOG3349 1 -73.53 162
KOG3361 4 -53.55 142
KOG3387 4 110.66 125
KOG3400 2 -63.27 125
KOG3404 4 -67.68 144
KOG3405 3 -68.76 127
KOG3432 3 -60.12 118
KOG3448 4 44.55 93
KOG3459 4 23.76 108
KOG3479 2 54.78 84
KOG3482 4 80.52 78
KOG3493 4 22.99 73
KOG3497 4 1.21 67
KOG3499 4 -9.18 69
KOG3503 4 -17.01 58
KOG3855 1 -218.7 466
KOG3954 3 -198 330
KOG4392 3 27.94 116
KOG4655 2 -50.67 183
